01010111000011100001100000000011010010000001110101001111010010110001010100000111000110000000100100001000010001110000111000000001000101010100101000011100000111000100101100001010000001110000010100000011010010110101100100011100000111010100011000000000000101000001110000010110010010100001001000011111000010100100100100000111000100000000001100010111000110100101010000000111000010100000011001010110000111100100111101000110000011110000010101010011000000010101001000010001000010100101100100011011010001000000011001000110
01000110000111100000011000001010010010000001000001001111000001100000101100011010000111100000010100000011010011100001111100000000010001100001110100000000000100100001111101000110000000010001111001000110000111110100100000011010000001100000110100000010000101000001010001000001000001010000000001010111000101100000011000000000010001010001100000011101000111000001100000000010000010100001011001010110000010100100010100010010010010110001111000011011000000010000000101010101000000110000101100011101000010010100011100000111
01001110000100100100101000001001000111000001101101000101000110010100011000010100000111110001000101000110010010010100101100011001000100110001100100011100010100110001110000000111000001100001110100000111010010110101010000010110000001000000101001001011000000110001110000010100010010100000111000011000000110000100100100011100000010000100111100010100000011000001000100001010000011010000110000010001010011010100011100001001000111110001111000010010010010000001111100010100000011100001110001010010000111010000100000010011
00000000000111100000010000000010000011010000000101010011000111110000011100011101000011100100100000001000010001010001110100010110000101000100101000001111000111000000010100001000000010010101001100000001000000100101011000010110010010000001111100000100000011110101001100010100000110100100011000011001000010100001111100010000000101110100111100010101000001100001101000001000000001010100001000011010000010000101010001000110000100100000010100000110010010000001011000011010000100100001011101010010000010100000001000010000
01000101000110010100101000000001000001110001110101001110000010100100011000000001000111110000011001000110010000010001100100011100000100110000010000001100010100110000101000001000000011000101001100000010000011100101001100010110000110100001001001001011000000110001110000010100010010100000100000010010000110010000110000000111010001010000100000011101000001110001101000000111010001000000111100010111000001100100010101000110000100100000010100000110010010000001000100000111000111000101100100011100000000010001000100000011
01010010010010110000110100001001000001100001110101000001010010110001010100010010000100110100100000000001010011110000010000010111000001000001001100001101010100110000010100000011000111100001011000010100010010110100011100011100000001100000100000001010010110100000011100000100000001100000101001010111000011100100100100011001000011000000101001010010000010000001101000000010010001000000101000000011000111110101010001000110000100100000010100000110010010000000010100010000000100110001110001010010000011110000100100001001
01010111000001010100101000000011000010010001000001001000010010110000100100000111000000100000110100010100000000000000110100011100000101000100101000011011000111000100101100001010000001110001110100000001010010110101100100011100000111010001010001001011000100100001011000000000000110000001001000000100010011110000101100010000000000000000000101010010000010000001011100001110000011010000110000010001010011010100001000010011000111110100101000001010000001110000011100000111000000000101100100000110000010110000100001000110
01010011000000110001001101000110000111000001110000000000000110000000011100001010010010100000000100010010000000000001100000010010000111110100101000000001000001110100101100001111000001100000000000001111000011110100010101010011000111110000001101001011000110000001110000010101000000100100011000011100000000010000011000000010010001010001100000011010000010000000000000010101010001000000000000010011000010000100111001000110000011000000010100011010000001100001010101010101000010100001011101010010000000110000100000001111
01001110000011000100101000001001000001100101001101010111000011100100011000011000000001000000011100010001000000000001111100011011000000110100101000001111000100100000011000000011010010000001001000001000000011110000000000000100000011010001010000001110010110100001010000001110000001000000100000010110010011110001100100011001000001000001011001010010000000000000000001000110000001010000110000010010010011010100100100000000010010110001001100011100000111010101001000010100000101100001001001010010000010010000001001000110
01001000000001000001110101000110000000010001111000000000000011010000001100010110000001100000000100001000010001110100101100010111000010010000010000011100010100110001111100000011000001000001111101000110000001100100010101010011000100010000100100011110000010000001011001000001000111100000100100011000010011110000101100011001000011000000000100010110010010010000000000001001010001000001000100010011000010000000000000001000000011100001110000010110000110100101001000010010000010100001011100011100000001010100011100000001
01001001000111010000111101000110000100010001110001010101010010110001001100000011010010100000011000000011010101100000111000000001010001100000110100000111000111010000010100000111010010000001111100000011000111110000000000001010000001110001001101001011000111100001110000010110000001000100011000011001000010100001111100010000000101110100111100010101000001100001101000001000000001010100001000000100000110000100111001000110000010100001100000011100000111010001110000010001010001010001100000011100000000000100011100000010
01000101000110000000111100010100000111000101001101011001000001000001001101010011000001000000110100010000010001010001100101010011000000010000010100000110000111010000101001000110000001010001001000001101000011100000000000001010000001110001001101001011000110010000000100011000010010100000100000010010000110010000110000000111010001010000100000011101000001110001101000000111010001000001000100010111000101000000000000000001000001000000010100010111000010100000101100010000010001010001011100010111000100100000001000010100
00000000000011000000010100001000000001100001001000000000000111110000001100011111000001100100100000000111000000000000011100011010000000110100101000001001000111010000111101000110000000000000011000010100000111110000000000001010000001110001001101001011000101000001011000010111000011110001010001010111000010000000011000011011000010110000111001010010000011100001110100010000000000010100001000001111000000100101010101000110000111100001101001010011000001100001011100000011000000000000101101010010000000110000100000001000
01001110000010100100101000001010000011010000011100000000000100100000100100000110010010100000110000001001010101110000010101010011000010000000111100011110000101100001100101000110000011110001110000001000000001010100000101010011000110100001001100000101010110100001001000010011000001010001001100011001000010110100100100010100000010110000101101010010000011010001000100010101000000010001000000000010010011010101100100001001000111100100101000011101000011010000010000010000000101110101100100010101000010110000100100001000
01000001010010110000011100000111000000110001011000000000000100100000100100000110010010100000101100010100010110010100101100011101000000110001110000001101000000010100101100000001000001110001110100001000000010100000000000000000000010010001111101001011000111010001110000001110000011100000010000001110000010100100100100011011000000000001100100010111000110110101010000000001000010110000110000011000000011000000000000010010000011100000011000011111010010000001001101010101000010010001000000010111010001000000011000001000
01000100010010110000001000010011000110100000011100000000000100100000100100000110010010100001111100000011010101100000111001010011000011010000010000000111000001000000010101000110000011010001001000000101000000110000000000011100000111000000111000001110000010000101001100000111000001010001010001010111000111000000011001010101000010010000000000011100000011100101010000011111000010110001011100000100010011010100100000000011000010100001100000000111000110110101001000010111000000000001110000011100010001000000011000000101
01001000000000100000010000000001010010000001000101010101000111110100011000001010000001010001110100010100010001010100101100000111000010010000010101001000000000000000001100011111010010000000011100001001010010110101001100010010000100010100011000000010000011100101001100010101000001010100011000000100000011100001000001010101000011000001101101010010000000000001101000010101000011010000011000010011010011010101011100000011010010110000100000011100000111000001101001010101000011100001011100011101000100110100011100010001
01001000000010100001111000010101010010000001000101000101000011100000100001010011000011010000011100001111010011100000110001010011000010010000010001001000000101000000010000001111000001100001010001000110000001000100111001010011000111110000001101001011000100010001110100001110000111010100011000000011000001110000110001010101000000100000111000011111000011000101010000000111000010100000011001010110000110100100010100010100000011100100101000010100000001110001110000011011000001000101100100000010000010000000011000011111
00000000000000100001111001000110000000010101001101001010000111100001010100000111010010100001111100000111010011100000010100010010010001100001111000001101000111110000011101000110000100010001110000010011010010110100100000011100000111110100011000000010000101110101001100000111000011110000001100011011000001100000011100010010010001010000100000011101000111010000000000000111010001000000111100010111000001100100010101000110000100100000010100000110010010000000011100011011000000010001110000000000000101110001001100000111
01001110000011110100101000001000000011010000010101000101000110010100011000010100000001010000011000001000010000010100101100010100000011110001110000001101010100110001001000001001000111010101001100010011000110110000000000011101000011010001000000001110000010000101001100000110000001010000100000011001000011100100100100011001000000000001101101010010000100000001101100010011010001000000011000011001000110100100111001000110000001010000111100000101000011010000000001010101000000100001011000011100000010100000011001000110
01010010000111100000010001000110000010010000000101001111000111100000100000010111010010100000100100001000010001000100101100010111000000110001100100001101000000010001111101000110000100010001110000010011010010110100111000010110000111100000001100011001010110100001010000001110000001000000100000010110010011110000010000010100000011100000101001010010000100000001101100010011010001000000000100000100000101000000000000001000000011100001110000010110000110100101001000010010000010100001011100011100000001010100011100010101
01000001000100100100101000000001000001110001110001000100000010010001111100010110010010100000011000000011010101100000111000000001010001100000110100000111000111010000010100000111010010000000011100000011000001110100110001010011000010010100011000000111000100110001011001000001000010110000100000010011010011110000000100000000000101110001101101010010000100000001101100010011010001000000110000010011000110110100010100010100010010110000110100011100000001100001110000010100010001010001111000011011000100100000001001000110
01011001000001000001111101000110000111010000001100000000000001010000001100000101000011110001101001000110010001110000010000011101000010000000101101001000000111110000111000010010010010000000101000001001000111100000000000010111000001110001000100000101010110100001110100000100000111000000001100000101010011110000111000011010000010110000000100010011010010010000011000010011000010100100001000010111000111110100111100010011000001010000111001010011000010010001110000010001010001010001110100010111000101110000001000010100
01010100010010110001001100001001000111010101001101001110000011100001000000010110000110000100100000000001010011110000010100011101000001110100101000000101000100100000000000000011010010000000101000001001000111100000000000010000000110100001111101001011000101000001011000010111000011110001010001010111000010000000011000011011000010110000111001010010000110100001010100011111010001000000010100011001000000100100010000000100000100100000111101010011000001100001011100000011000000000000101101010010000000110000100000001000
01001110000010100100101000010010000011010001111101001100010010110000011101010011000001100000000100000011000000000000101000011101000000100100101000000000000001100001100100010010010010000000101000001001000111100000000000011101000011010001000000001110000010000101001100000110000001010000100000011001000011100100100100010010000011000001100100010111010010010000110100001001000100010100001000000011000111010000000000001000000011100001110000010110000110100101001000010010000010100001011100011100000001010100011100001010
01000101000111110100101000011111000001110000011000000000000011110000100100000100000001000100100000001000010001010001110100010110000101000100101000001111000111000000010100001000000010010101001100010100000111100100111001010011000010010001010000000100000011110001110100000101010010100000011100011001000010110100100100010001000000000001110000010111000110110000000001000110000111010000110100000011010011010100111000000011000111010000111100000001010010000001010100011010000010110001011100010011010001000000101000000111
01001011000011100100101000011111000001110000011000000000000010000001010000001010010010100000011000000011010101100000111000000001010001100000110100000111000111010000010100000111010010000000000000000111000100100000000000010100000001110000100100001111000110000000101000000100010010100000100000010010000110010000110000000111010001010000100000011101000001110001101000000111010001000001011000010011000000010100110001000110000010100100101000011111000000010001011101010101000001000001011100010110010001000000111100010011
